 -4.49401240e+00
 -4.25030240e+00
 -4.00659240e+00
 -3.76288240e+00
 -3.51917240e+00
 -3.27546240e+00
 -3.03175240e+00
 -2.78804240e+00
 -2.54433240e+00
 -2.30062240e+00
 -2.05691240e+00
 -1.81320240e+00
 -1.56949240e+00
 -1.32578240e+00
 -1.08207240e+00
 -8.38362400e-01
 -5.94652400e-01
 -3.50942400e-01
 -1.07232400e-01
 1.36477600e-01
 3.80187600e-01
 6.23897600e-01
 8.67607600e-01
 1.11131760e+00
 1.35502760e+00
 1.59873760e+00
 1.84244760e+00
 2.08615760e+00
 2.32986760e+00
 2.57357760e+00
 2.81728760e+00
 3.06099760e+00
 3.30470760e+00
 3.54841760e+00
 3.79212760e+00
 4.03583760e+00
 4.27954760e+00
 4.52325760e+00
